0  : 1
1069 0 15 98 0 161 24 0 24 126 0 125 30 0 125 2 0 110  : 18
 : 0
1095 0 4 16 0 5 311 125 125 29 125  : 11
225 0 4 5 0 3 302 6 0 0 124 126 0 0 27 126 0 0  : 18
190 0 1 10 0 2 239 0 9 29 0 15 3 0 0 123 155  : 17
347 0 1 46 0 1 300 0 0 3 122 154  : 12
344 0 1 49 0 1 299 4 0 0 121 153  : 12
342 0 0 52 0 0 298 4 120 152  : 10
339 0 1 54 0 1 297 3 0 0 119 151  : 12
337 0 0 57 0 0 296 3 118 150  : 10
335 0 0 59 0 0 295 3 117 149  : 10
333 0 0 61 0 0 294 3 116 148  : 10
331 0 0 63 292 0 0 2 115 147  : 10
330 64 0 0 213 0 3 35 4 114 146  : 11
328 0 0 66 0 0 258 4 113 145  : 10
326 0 0 68 0 0 262 112 144  : 9
325 70 213 0 3 33 3 111 143  : 9
324 71 256 3 110 142  : 6
322 0 0 72 255 3 109 141  : 8
321 73 0 0 258 108 140  : 7
320 75 254 139 139  : 5
318 0 0 76 253 1 106 138  : 8
429 256 105 137  : 4
316 0 0 110 392 136  : 6
315 111 212 0 4 31 135 135  : 8
314 112 0 0 212 0 4 30 134 134  : 10
313 114 389 133  : 4
312 115 253 132 132  : 5
834 0 0 130 0 0  : 6
311 116 26 220  : 4
630 117 25  : 3
853 118 24 218 0 0  : 6
628 119 23  : 3
851 120 22 181 0 3  : 6
658 149  : 2
985 20  : 2
849 122 19 181 0 3  : 6
656 146  : 2
987 17  : 2
847 124 16  : 3
1007  : 1
846 125 13 0 0  : 5
845 126  : 2
 : 0
1900 127 212 0 4  : 5
 : 0
1675 128 180 0 4  : 5
 : 0
1674 129  : 2
 : 0
1865  : 1
1154  : 1
840  : 1
1155 181 0 3  : 4
 : 0
1671 132  : 2
 : 0
2229 0 3  : 3
646 133  : 2
 : 0
 : 0
2885 134  : 2
 : 0
 : 0
2884 340 0 4  : 4
807  : 1
1204 0 4  : 3
813 0 12  : 3
 : 0
2029 0 12  : 3
835  : 1
1160  : 1
 : 0
 : 0
3253 0 3  : 3
 : 0
1665 0 0  : 3
1365 0 3  : 3
809 0 0  : 3
 : 0
2266 0 0 104  : 4
999  : 1
892  : 1
1126  : 1
893  : 1
980 0 4 133  : 4
852 0 4 30  : 4
1023 100  : 2
995  : 1
896 66  : 2
893 1 69  : 3
649 0 0 222 97  : 5
898 64 3  : 3
481 0 0 383 3 63 3  : 7
853 0 3 32 3 66  : 6
897 3 62  : 3
930 3 61 1  : 4
653 0 12 181 0 3 39 60 0  : 9
648 227 4 59 3  : 5
515 141 0 12 228 0 0 2 58 3  : 10
934 3 57 3  : 4
935 3 55 0 0 2  : 6
936 3 54 4  : 4
937 3 0 0 53 4  : 6
679 234 4 0 0 51 0 0 3  : 9
516 340 0 4 43 0 0 3 50 4 0 0  : 12
941 4 48 0 0 3  : 6
884 0 4 29 0 14 4 0 0 46 0 0 3 1 0 5  : 16
485 134 245 0 0 44 0 0 5 5  : 10
919 43  : 2
952  : 1
582 133 218 0 25 43 0 9  : 8
 : 0
1668 195 0 113  : 4
487 341 0 3 145  : 5
1010  : 1
488 131 339  : 3
1012  : 1
642 181 0 3 149  : 5
489 502  : 2
1015  : 1
490 129  : 2
1368  : 1
491 128 345  : 3
1018  : 1
492 127 379  : 3
638 207 0 9 156  : 5
493 509 158 0 0 126 0 0  : 8
142 125 13 0 12 350 0 0 125 157  : 10
860 156  : 2
175 124 539 155  : 4
176 123 34 0 161 282 154  : 7
857 153  : 2
177 122 13 0 3 2 0 20 2 0 55 2 0 16 2 0 8 1 0 16 1 0 1 280 152  : 25
178 121 535 151  : 4
312 35 2 21 2 86 2 15 2 342 150  : 11
179 141 0 0 4 113 10 0 12 309 149  : 11
180 119 39 21 0 53 2 14 340 148  : 10
181 118 15 5 2 21 87 13 2 6 0 0 307 147  : 14
182 117 65 52 370 146  : 6
183 116 16 6 2 21 86 12 2 5 305 145  : 12
307 17 7 2 51 14 4 304 144  : 9
184 170 0 2 50 2 11 335 143  : 9
185 114 18 8 2 1 52 10 2 3 302 142 2 0 110  : 15
26 0 0 112 0 0 68 49 365 141  : 10
188 111 19 9 2 2 51 9 2 2 27 0 1 268 140 10 0 27 13 0 30 22 0 1  : 24
29 110 20 37 48 33 299 139  : 8
190 109 42 2 3 2 47 2 8 2 330 138 7 0 1 27 0 1 10 0 1 30 0 1  : 24
31 108 21 11 106 0 297 137 5 0 0 30 0 0 7 0 0 33 0 0  : 20
32 74 0 0 46 4 2 46 2 7 328 136  : 12
193 0 0 73 22 12 2 5 48 6 2 21 24 0 2 295 135 4 32 6 35  : 21
35 72 72 45 358 134  : 6
196 71 23 13 2 6 2 44 2 5 2 21 14 0 1 162 0 0 101 2 0 0 101 2 0 0 33 0 0 1 0 0 36 0 0  : 35
37 0 0 69 0 0 24 14 103 21 196 100 4 100  : 14
199 68 49 7 2 43 2 4 17  : 9
680 0 0 66 0 0 25 15 2 8 45 3 2 21 18 0 0 165 0 100 5 0 100  : 23
202 0 0 64 0 0 75 42 52 0 0  : 11
684 63 58 16 2 9 44 2 2 21 10 0 2 7 0 0 162 0 21 1 0 42 1 0 31  : 25
365 0 0 61 0 0 59 17 12 41 4 21 24 0 0 616 0 12  : 18
47 0 0 59 0 0 84 10 2 40 2 1 26 0 0  : 15
689 0 0 56 0 1 60 18 2 96 2 21  : 12
723 0 1 54 0 0 107 2 39 2  : 10
758 0 1 51 0 1 61 19 2 12 41 21 2 21 26 0 0 482 0 0 33 0 0 1 0 0 36 0 0 1 0 15  : 32
57 0 1 48 0 1 248 0 0  : 9
700 0 1 45 0 1 62 0 20 2 0 13 1 0 39 1 0 20 2 0 20 10 0 2 7 0 0 484 32 6 35  : 31
63 0 1 10 0 1 244 0 0  : 9
706 0 4 4 0 4 242 0 0 485 0 0 30 0 0 7 0 0 33 0 0  : 21
72 0 6 11 0 4 241 162 0 21 1 0 42 1 0 31 167 0 1 27 0 1 10 0 1 30 0 1  : 28
 : 0
1104 0 10 270 0 1 3 0 128 298 0 27 13 0 30  : 15
 : 0
1085 0 124 29 0 124 29 0 124 29 0 124 29 0 124 29 0 124 8 0 9 8 0 9  : 24
 : 0
1052 124 28 124 28 124 28 124 28 124 28 124 6 0 0 10 0 1 5 0 1 10 0 0  : 24
27 125 0 0 27 125 0 0 27 125 0 0 27 125 0 0 27 125 0 0 27 125 0 0 5 16 0 0 3 0 0 15  : 32
26 154 154 154 154 154 132 19 2 19  : 10
25 153 153 153 153 153 131 21 1 21  : 10
24 152 152 152 152 152 154 0 0 2 0 0  : 12
23 151 151 151 151 151 129 0 0 24 1 24 0 0  : 14
22 150 150 150 150 150 157  : 7
53 149 149 149 149 149  : 6
212 148 148 148 148 148  : 6
211 147 147 147 147 147  : 6
210 146 146 146 146 146  : 6
209 145 145 145 145 145  : 6
208 144 144 144 144 144  : 6
207 143 143 143 143 143  : 6
206 142 142 142 142 142  : 6
205 141 141 141 141 141  : 6
204 140 140 140 140 140  : 6
203 139 139 139 139 139 129 0 0 24 0 0  : 12
10 138 138 138 138 138  : 6
201 137 137 137 137 137 131 22 0 0  : 10
8 136 136 136 136 136 132  : 7
39 135 135 135 135 135  : 6
198 134 134 134 134 134 132  : 7
37 133 133 133 133 133  : 6
196 132 132 132 132 132  : 6
195 131 131 131 131 131  : 6
193 0 0 129 0 0 129 0 0 129 0 0 129 0 0 129 0 0  : 18
 : 0
 : 0
 : 0
 : 0
 : 0
 : 0
 : 0
 : 0
 : 0
10372  : 1
 : 0
 : 0
3093  : 1
 : 0
2037  : 1
 : 0
 : 0
3012  : 1
 : 0
 : 0
 : 0
 : 0
 : 0
 : 0
 : 0
 : 0
 : 0
 : 0
 : 0
 : 0
 : 0
 : 0
 : 0
 : 0
17380  : 1
 : 0
 : 0
3093  : 1
965 22 0 0 20  : 5
 : 0
1990 0 20 1 0 20  : 6
 : 0
1993 0 15  : 3
 : 0
 : 0
 : 0
 : 0
 : 0
 : 0
 : 0
8161 0 6 16 0 2  : 6
 : 0
 : 0
 : 0
 : 0
 : 0
 : 0
 : 0
 : 0
 : 0
 : 0
 : 0
 : 0
 : 0
 : 0
 : 0
16321 0 6 16 0 2  : 6
 : 0
 : 0
 : 0
 : 0
 : 0
 : 0
 : 0
8137 0 15  : 3
 : 0
2025 0 9  : 3
 : 0
2023 0 0 10 0 0  : 6
998 15  : 2
997 17  : 2
996 19  : 2
995 21  : 2
1018 0 0  : 3
1005 0 1  : 3
993 0 0 7 0 0 2 0 0  : 9
1010 5 0 2  : 4
1002 10 0 1  : 4
1011 0 0  : 3
 : 0
 : 0
3050 0 16  : 3
 : 0
 : 0
 : 0
 : 0
 : 0
 : 0
6333 0 0 157 0 0 157 0 0 157 0 0 157 0 0 157 0 0 14  : 19
188 156 156 156 156 156  : 6
219 155 155 155 155 155 14  : 7
186 154 154 154 154 154  : 6
217 153 153 153 153 153 14  : 7
184 152 152 152 152 152  : 6
215 151 151 151 151 151  : 6
214 150 150 150 150 150 14  : 7
181 149 149 149 149 149  : 6
212 148 148 148 148 148  : 6
211 147 147 147 147 147  : 6
210 146 146 146 146 146 1 0 0  : 9
177 145 145 145 145 145 26 0 0  : 9
176 144 144 144 144 144  : 6
207 143 143 143 143 143  : 6
206 142 142 142 142 142  : 6
205 141 141 141 141 141 3 0 21  : 9
172 140 140 140 140 140  : 6
203 139 139 139 139 139  : 6
202 138 138 138 138 138  : 6
201 137 137 137 137 137  : 6
200 136 136 136 136 136  : 6
199 135 135 135 135 135  : 6
198 134 134 134 134 134  : 6
197 133 133 133 133 133  : 6
65 0 0 100 1 0 0 100 1 0 0 100 1 0 0 100 1 0 0 100 1 0 0 100  : 24
67 99 3 99 3 99 3 99 3 99 3 99  : 12
 : 0
1092 0 99 4 0 99 4 0 99 4 0 99 4 0 99 4 0 99  : 18
 : 0
1117 0 124 29 0 124 29 0 124 29 0 124 29 0 124 26 0 94 6 0 21 10 0 6  : 24
 : 0
1084 124 28 124 28 124 28 124 28 124 24 0 0 94 0 0 9 8 0 0  : 20
59 125 0 0 27 125 0 0 27 125 0 0 27 125 0 0 27 125 0 0 23 96 8 0 18 8  : 26
58 154 154 154 154 150 97 7 12 0 0  : 11
57 153 153 153 153 149  : 6
216 152 152 152 152 148 98 0 0  : 9
87 151 151 151 151 147  : 6
214 150 150 150 150 146 137 0 8  : 9
53 149 149 149 149 145  : 6
212 148 148 148 148 144 137 8  : 8
51 147 147 147 147 143 109 0 1 8 6  : 11
50 146 146 146 146 142 135 3 4 3 0 0  : 12
49 145 145 145 145 141 136 3 0 2 2  : 11
48 144 144 144 144 140 137 0 0 5 0 0  : 12
47 143 143 143 143 139 18 0 85 43 0 4  : 12
46 142 142 142 142 138 18  : 7
205 141 141 141 141 137 18 140 0 2  : 10
44 140 140 140 140 136 18  : 7
203 139 139 139 139 135 18 102 0 1 3 0 1  : 13
42 138 138 138 138 134 18 109 0 1  : 10
41 137 137 137 137 133 18 140 0 2  : 10
40 136 136 136 136 132 18  : 7
199 135 135 135 135 131 18 140 0 2  : 10
38 134 134 134 134 149  : 6
197 133 133 133 133 148  : 6
196 132 132 132 132 129 0 0 15  : 9
195 131 131 131 131 146  : 6
193 0 0 129 0 0 129 0 0 129 0 0 129 0 0 145 109 0 1 8 0 0  : 22
848 136 0 0  : 4
973 0 1 5  : 4
997 0 0  : 3
995 0 0  : 3
 : 0
2019 0 1  : 3
998 0 0  : 3
1000 0 0  : 3
1002 0 0  : 3
973 0 1  : 3
 : 0
1997 0 1  : 3
 : 0
 : 0
3050 0 0  : 3
1000 0 0  : 3
998 0 0  : 3
997  : 1
995 0 0  : 3
973 0 1  : 3
995 0 1  : 3
973 0 1 4 0 0  : 6
1000 0 0  : 3
1002 0 0  : 3
 : 0
 : 0
 : 0
4074 0 0  : 3
1000 0 0  : 3
973 0 1 4 0 0  : 6
997  : 1
973 0 1 1 0 0  : 6
 : 0
2019 0 1  : 3
998 0 0  : 3
1000 0 0  : 3
1002 0 0  : 3
 : 0
 : 0
3021 0 1  : 3
973 0 1 10 0 2  : 6
 : 0
 : 0
 : 0
4076 0 2  : 3
 : 0
 : 0
 : 0
4045 0 1 9 0 3  : 6
1001 0 0  : 3
973 0 1 5 0 0  : 6
997 0 0  : 3
995 0 0 6 0 2  : 6
 : 0
2019 0 1  : 3
998  : 1
999 0 0 2 0 2  : 6
1001 0 1  : 3
973 0 1  : 3
 : 0
1997 0 1 10 0 2  : 6
 : 0
 : 0
3052 0 2  : 3
 : 0
 : 0
 : 0
 : 0
5069 0 1 10 0 2  : 6
948  : 1
1011 13 0 1  : 4
 : 0
1970 2 0 0  : 4
976 0 0  : 3
1007  : 1
1006 1  : 2
973  : 1
1004 0  : 2
971 19 13 0 1  : 5
938 19  : 2
1001 19 13 0 1  : 5
956  : 1
1000 18  : 2
999 18  : 2
912 0 71 17  : 4
1016  : 1
1015  : 1
1014  : 1
1013 13 0 1 10 0 2  : 7
948 6 0 1 3 0 1  : 7
947  : 1
1010 43 0 4  : 4
945 41 0 0 5 0 0  : 7
944 40 10  : 3
833 0 0 79 39 12 0 0  : 8
942  : 1
899 76 0 0  : 4
900 0 0 74 0 0 13 0 1  : 9
189 0 0 157 0 0 157 0 0 157 0 0 157 0 0  : 15
380 156 156 156 156 6 0 74 41 0 8  : 11
187 155 155 155 155  : 5
378 154 154 154 154 169 8  : 7
185 153 153 153 153 167 2 6 2 0 0  : 11
184 152 152 152 152 168 2 0 4  : 9
183 151 151 151 151 169 8 0 0  : 9
182 150 150 150 150 137 0 18  : 8
213 149 149 149 149 170 0 6  : 8
180 148 148 148 148  : 5
371 147 147 147 147 134 0 21  : 8
210 146 146 146 146  : 5
369 145 145 145 145  : 5
368 144 144 144 144  : 5
367 143 143 143 143  : 5
366 142 142 142 142  : 5
365 141 141 141 141  : 5
364 140 140 140 140  : 5
363 139 139 139 139  : 5
362 138 138 138 138  : 5
361 137 137 137 137  : 5
360 136 136 136 136  : 5
359 135 135 135 135  : 5
358 134 134 134 134  : 5
357 133 133 133 133  : 5
225 0 0 100 1 0 0 100 1 0 0 100 1 0 0 100 1 0 0 100  : 20
227 99 3 99 3 99 3 99 3 99  : 10
 : 0
1252 0 99 4 0 99 4 0 99 4 0 99 4 0 99  : 15
 : 0
1277 0 124 29 0 124 29 0 124 62 0 5 308 0 14 8 0 51  : 18
 : 0
1052 124 28 124 28 124 61 5 357 0 1 51 0 1  : 14
27 125 0 0 27 125 0 0 27 125 0 0 60 6 356 54  : 16
26 154 154 187 7 354 0 0 55  : 9
25 153 153 268 0 12 289 56  : 8
24 152 152 186 8 39 0 3 13 0 2 20 0 10 144 0 12 64  : 18
87 151 151 286 0 0 172 0 2 13 0 1 31 89 0 0  : 16
22 150 150 185 9 64 0 0 10 30 0 16 3 0 8 40 0 2 1 30  : 20
117 149 149 290 194 29  : 6
116 148 148 184 10 67 15 22 0 6 4 0 13 19 55 0 4 3 16 28  : 20
115 147 147 292 42 18 7 22 0 3 17 0 0 36 27  : 15
114 146 146 183 11 69 11 6 17 6 3 0 9 4 5 26  : 16
113 145 145 341 69 23 21 89  : 8
112 144 144 182 12 38 6 11 80 4 70 24  : 12
111 143 143 359 35 13 76 0 0 8  : 10
110 142 142 181 13 53 0 1 44 66 37  : 11
173 141 141 280 72 33 118  : 7
108 140 140 180 14 57 17 96 117  : 9
107 139 139 415 85 0 2 7 13 20  : 10
106 138 138 179 15 57 31 0 0 11 9 19 30 28 57 43 7  : 17
105 137 137 178 16 56 125 103  : 8
136 136 136 277 0 1 16 13 92 89 50  : 11
103 135 135 177 17 97 12 25 27 72 12 0 2  : 13
166 134 134 294 90 70  : 6
165 133 133 176 18 185 102  : 7
132 132 132 293 9 14 0 2 56 101 10  : 11
99 131 131 175 19 111 164  : 7
129 0 0 129 0 0 129 0 0 292 88 45 35 18  : 14
654 20 67 10 89 98 16 0 0  : 9
708 0 0 2 149 6 0 0 0  : 9
653 21 66 16 58 28 14 30 0 0  : 10
771 91 47 3 0 0 28 0 0 23 9  : 11
620 22 77 60 28 48 0 1 56 0 9  : 11
740  : 1
875 23 69 23 0 2 14 61  : 8
777 0 0 24 0 0 190 29 60 23 0 9  : 12
611 0 4 26 0 0 38 5 15 2 63 69  : 12
669 0 3 32 0 4 84 4 105  : 9
663 0 4 70 0 4 39 18 64 29  : 10
721 0 4 76 0 4 40 37 33 36  : 10
652 0 3 82 0 3 43 127  : 8
710 0 4 87 0 4 41 3 6 34 35 25  : 12
644 0 0 93 0 0 42 19 24 15 3 0 2  : 13
643 95 103 16 4 1  : 6
673 0 0 96 0 0 27 130 1  : 9
791 12 0 13 4 0 14 8 17 5 3 0  : 12
873 18 0 6 11 36 0 0 23 0 0  : 11
792 52 10 0 12 6 0 7 3 0 2 2 6 22 10 0 18  : 17
772 0 6 9 7 0 3 21 0 4 34 0 1 7 0 1 16 0 0  : 19
812 0 8 2 5 0 6 138 0 2 7 0 3  : 13
 : 0
1697 0 0 96 0 0 23 0 3 174 0 6 55 0 9  : 15
579 95  : 2
900 94 4 0 20 2 0 19 2 0 78 2 0 7 2 0 19  : 17
709 93  : 2
902 92 26 2 19 2 77 2 6 2  : 10
836 0 0 20 136  : 5
711 91 30 20 2 76 2 5  : 8
712 90 6 21 2 21 78 4 2 21 0 0  : 12
713 89 56 75  : 4
746 88 7 21 0 21 77 3 2 21  : 10
715 87 8 21 25 74 5 21  : 8
716 86 33 21 2 73 2 2  : 8
717 85 9 21 2 21 75 1 2 21  : 10
718 84 59 72  : 4
751 83 10 0 2 21 74 0 2 21  : 10
720 82 11 28 71 24  : 6
721 81 33 2 21 2 70 2 21 2  : 10
722 80 12 2 97 21  : 6
723 79 37 21 2 69 2 21  : 8
756 78 13 3 2 21 71 21 0 21  : 10
725 77 63 68  : 4
758 76 14 4 2 21 0 35 2 21 2 21  : 12
727 75 15 5 94 20  : 6
728 74 40 21 1 34 2 21  : 8
761 73 16 6 2 21 68 21 2 19  : 10
730 72 66 33  : 4
763 71 17 7 2 0 35 21 2 18  : 10
732 70 18 8 3 32 26 17  : 8
875 1 2 31 2 21  : 6
883 9 2 87 2 16  : 6
732 70 66 2 30 1 249 0 0  : 9
628 10 2 3 32 21 2 15  : 8
 : 0
1877 0 11 2 0 4 1 0 30 0 0 20 2 0 15 216  : 16
 : 0
1636 0 20 2 0 19 2 0 78 2 0 7 2 0 19 215  : 16
1014  : 1
507 71 26 2 19 2 77 2 6 2 213  : 11
612 0 0 20 136 212  : 6
638 20 2 76 2 5 211  : 7
614 21 2 21 78 4 2 21 0 0 210  : 11
664 75 144 0 0 81  : 6
615 21 0 21 77 3 2 21 208  : 9
506 72 8 21 25 74 5 21 207  : 9
641 21 2 73 2 2 206  : 7
617 21 2 21 75 1 2 21 205  : 9
667 72 236  : 3
618 0 2 21 74 0 2 21 114 75  : 10
619 28 71 24 115 74  : 6
641 2 21 2 70 2 21 2 201  : 9
505 73 12 2 97 21 116 0 0 71 0 0  : 12
645 21 2 69 2 21 150 0 0 69 0 0  : 12
621 3 2 21 71 21 0 21  : 8
895 68 152 0 69  : 5
544 0 1 46 4 2 21 0 35 2 21 2 21  : 13
766 0 0 2 0 0 47 5 94 20  : 10
764 0 0 5 0 0 72 21 1 34 2 21  : 12
760 26 0 0 7 0 0 10 16 6 2 21 68 21 2 19  : 16
760 0 0 9 0 0 98 33  : 8
790 0 0 11 0 0 49 7 2 0 35 21 2 18  : 14
756 0 0 13 0 0 50 8 3 32 26 17  : 12
754 0 0 15 0 0 75 1 2 31 2 21  : 12
784 0 0 17 0 0 51 9 2 87 2 16  : 12
750 0 0 19 0 0 98 2 30 1  : 10
780 0 0 21 0 0 52 10 2 3 32 21 2 15  : 14
746 0 0 23 0 0  : 6
968 0 0 25 0 0 53 0 11 2 0 4 1 0 30 0 0 20 2 0 15  : 21
742 0 0 27 0 0  : 6
952 4 0 0 29 0 0 10  : 8
921 2 0 0 31 0 0 7  : 8
 : 0
1946 0 2 33 0 6  : 6
 : 0
1957 0 23 39 0 344  : 6
 : 0
1245 0 0 157 0 0 157 0 0 35 0 0 24 0 1  : 15
604 156 156 32 0 1 1 0 0  : 9
603 155 155 29 0 0 3 0 2  : 9
602 154 154 27 0 0 39 0 0 7 0 0  : 12
569 153 153 25 0 0 41  : 7
600 152 152 23 0 0 42 0 0  : 9
599 151 151 76  : 4
598 150 150 21 0 0 45 0 0 9  : 10
565 149 149 20 47  : 5
596 148 148 19 48  : 5
595 147 147 18 49 0 0  : 7
594 146 146 17 51 10  : 6
561 145 145 16  : 4
656 144 144 15 52  : 5
591 143 143 14 53  : 5
590 142 142 13 54 11  : 6
557 141 141 12 55  : 5
588 140 140 11 56  : 5
587 139 139 10 57  : 5
586 138 138 90 12  : 5
553 137 137 9  : 4
648 136 136 8 59  : 5
583 135 135 7 60  : 5
582 134 134 109 0 344  : 6
197 133 133 6 61  : 5
449 0 0 100 1 0 0 100 1 0 0 100 139 0 17  : 15
387 99 3 99 3 99 94  : 7
933 103 0 2 18 0 2  : 7
356 0 99 4 0 99 4 0 99 132 0 1 2 0 1  : 15
836 97 0 1 5 0 1  : 7
381 0 124 29 0 124 29 0 124 95 31 0 0 8 0 0  : 16
958 42  : 2
380 124 28 124 28 124 3 92 0 0 43 0 0  : 13
379 125 0 0 27 125 0 0 27 125 0 0 96 25 0 0 45 0 0  : 19
378 154 154 249 47  : 5
377 153 153 129 0 0 88 48  : 8
376 152 152 247 49  : 5
375 151 151 225 19 0 0 50 0 0  : 10
374 150 150 244 52  : 5
373 149 149 226 0 1 13 53  : 8
372 148 148  : 3
691 147 147 242 54  : 5
370 146 146 241 55  : 5
369 145 145 240 56  : 5
368 144 144 239 57  : 5
367 143 143  : 3
686 142 142 238 58  : 5
365 141 141 237 59  : 5
364 140 140  : 3
683 139 139 236 60  : 5
362 138 138  : 3
681 137 137 235 61  : 5
360 136 136  : 3
679 135 135  : 3
678 134 134 226 0 1 4 62  : 8
357 133 133  : 3
676 132 132 233 63  : 5
355 131 131 225  : 4
417 0 0 129 0 0 129 0 0 129 0 0  : 12
 : 0
2112 6 0 0 64 0 0  : 7
803  : 1
 : 0
2111  : 1
932  : 1
 : 0
2021  : 1
1086  : 1
 : 0
1958 61  : 2
 : 0
1959 60  : 2
936 59  : 2
 : 0
1961 58  : 2
1017  : 1
938 0 0 56  : 4
940 55  : 2
941 54  : 2
942  : 1
1007 52 0 0 7 0 0 64 0 0  : 10
 : 0
1840 51  : 2
945 0 0 49 0 0  : 6
947 48 9 63  : 4
852 46 0 0  : 4
949 0 0 45 10 62  : 6
855 44  : 2
952 0 0 42 0 0  : 6
954 0 0 40 0 0 11 61  : 8
860 0 0 38 0 0  : 6
958 0 0 3 0 1 12 60  : 8
864 0 0 0 0 0 1  : 7
962 1 0 2 19 0 0 13 59  : 9
872 0 0 2 8 3 0 0 46 58  : 10
877 8  : 2
1071 57  : 2
874 0 14 48 56  : 5
945 55  : 2
849 0 63 18 54  : 5
 : 0
1872 83 53  : 3
847 84 52  : 3
846 85 0 0 50 0 0  : 7
845 87 49  : 3
844 88 48  : 3
843 89 47  : 3
842 90 0 0 45 0 0  : 7
841 92 0 0 43 0 0  : 7
840 94 42  : 3
839 95 0 0 8 0 0  : 7
838 97 0 1 5 0 1  : 7
837 100 0 1 2 0 1  : 7
836 103 0 2 18 0 2  : 7
835  : 1
993 0 0 107 0 17  : 6
 : 0
 : 0
 : 0
 : 0
 : 0
 : 0
 : 0
 : 0
 : 0
 : 0
 : 0
 : 0
 : 0
 : 0
 : 0
 : 0
 : 0
 : 0
 : 0
 : 0
 : 0
 : 0
 : 0
 : 0
 : 0
 : 0
 : 0
 : 0
 : 0
 : 0
 : 0
 : 0
 : 0
 : 0
 : 0
 : 0
 : 0
 : 0
 : 0
 : 0
 : 0
42525 0 0 157 0 0 157 0 0  : 9
700 156 156  : 3
699 155 155  : 3
698 154 154  : 3
697 153 153  : 3
696 152 152  : 3
695 151 151  : 3
694 150 150  : 3
693 149 149  : 3
692 148 148  : 3
691 147 147  : 3
690 146 146  : 3
689 145 145  : 3
688 144 144  : 3
687 143 143  : 3
686 142 142  : 3
685 141 141  : 3
684 140 140 93 0 0  : 6
587 139 139 92  : 4
586 138 138 91  : 4
585 137 137 90  : 4
584 136 136 89  : 4
583 135 135 88  : 4
582 134 134 87  : 4
581 133 133 86  : 4
449 0 0 100 1 0 0 100 1 0 0 100 85  : 13
451 99 3 99 3 99 84  : 7
1011  : 1
452 0 99 4 0 99 4 0 99 82  : 10
1009  : 1
477 0 124 29 0 124 29 0 124 80  : 10
1007  : 1
476 124 28 124 28 124 78  : 7
475 125 0 0 27 125 0 0 27 125 0 0  : 12
570 154 154 129 0 46  : 6
473 153 153  : 3
696 152 152 145 0 63  : 6
471 151 151  : 3
694 150 150 144  : 4
533 149 149 143  : 4
532 148 148 142  : 4
531 147 147 141  : 4
530 146 146 140  : 4
529 145 145 139  : 4
528 144 144 138  : 4
527 143 143 137  : 4
526 142 142 136  : 4
525 141 141 135  : 4
524 140 140 134  : 4
523 139 139 133  : 4
522 138 138 132  : 4
521 137 137 131  : 4
520 136 136 129 0 0  : 6
519 135 135  : 3
678 134 134  : 3
677 133 133  : 3
676 132 132  : 3
675 131 131  : 3
673 0 0 129 0 0 129 0 0  : 9
 : 0
 : 0
 : 0
 : 0
 : 0
 : 0
 : 0
 : 0
 : 0
 : 0
 : 0
 : 0
 : 0
 : 0
 : 0
 : 0
 : 0
 : 0
 : 0
 : 0
 : 0
 : 0
 : 0
 : 0
 : 0
 : 0
 : 0
 : 0
 : 0
 : 0
 : 0
 : 0
 : 0
 : 0
 : 0
 : 0
 : 0
 : 0
 : 0
 : 0
 : 0
 : 0
 : 0
 : 0
 : 0
 : 0
 : 0
 : 0
 : 0
 : 0
 : 0
 : 0
54493 0 0  : 3
1020  : 1
1019  : 1
1018  : 1
1017  : 1
1016  : 1
1015  : 1
1014  : 1
1013  : 1
1012  : 1
1011  : 1
1010  : 1
1009  : 1
1008  : 1
1007  : 1
1006  : 1
 : 0
1953 0 46  : 3
 : 0
1989 0 17  : 3
 : 0
2017 0 2 18 0 2  : 6
990 0 1 26 0 1  : 6
987 0 1 31 0 1  : 6
953 0 0 34 0 0  : 6
952 36  : 2
950 0 0 37 0 0  : 6
948 0 0 39 0 0  : 6
947 41  : 2
946 42  : 2
945 43  : 2
943 0 0 44 0 0  : 6
942 46  : 2
941 47  : 2
 : 0
1964 48  : 2
939 49  : 2
938 50  : 2
937 51  : 2
 : 0
1960 52  : 2
935 53  : 2
 : 0
1958 54  : 2
 : 0
1957 55  : 2
605 0 0 157 0 0 157 0 0  : 9
700 156 156  : 3
699 155 155 4 56  : 5
602 154 154  : 3
697 153 153 3 57  : 5
600 152 152  : 3
695 151 151  : 3
694 150 150  : 3
693 149 149 1 0 0 58 0 0  : 9
596 148 148  : 3
691 147 147  : 3
690 146 146  : 3
689 145 145  : 3
688 144 144  : 3
687 143 143  : 3
686 142 142  : 3
685 141 141  : 3
684 140 140  : 3
683 139 139  : 3
682 138 138  : 3
681 137 137  : 3
680 136 136  : 3
679 135 135  : 3
678 134 134  : 3
677 133 133  : 3
545 0 0 100 1 0 0 100 1 0 0 100  : 12
547 99 3 99 3 99  : 6
 : 0
1572 0 99 4 0 99 4 0 99 1 0 0 58 0 0  : 15
 : 0
1473 0 16 2 0 75 2 0 15 6 0 1 2 0 5 9 0 3 4 0 7 5 0 1 8 0 20  : 27
 : 0
1779 2 74 2 5 3 2 0 0 4 0 0 6 0 1 4 0 3 7 0 1 4 3 7 22 195 57  : 27
449 0 0 100 5 3 6 5 10  : 9
820 2 73 2 3 7 3 4 11 3 5 6 24 196 56  : 15
451 17 2 72 2 17 0 0 1 0 0 8 9 3 12 2 7  : 17
993 9 5 0  : 4
708 17 2 71 2 17 1 0 1 5 0 1 64 11 4 1 165 55  : 18
453 91 10 3 0 0 6 0 1 1 0 0 13 0 0  : 15
823 2 70 2 95 13 3 2 166 54  : 10
454 20 69 20 4 9 9 0 0 62 14  : 11
792 72 11 3 7 61 15 2 3 167 53  : 11
455 17 2 68 2 17 5 6 3 5 60 16 1 4 168 52  : 16
456 88 6 0 0 4 0 0 1 3  : 10
890 2 67 2 33 0 0 13 0 0 11 17 0 5 169 51  : 16
457 20 66 20 8 0 5 2 0 1 58 18 234 50  : 14
475 69 89 19 10 0 0 6 0 0 171 49  : 12
458 17 2 65 2 17 88 20 236 48  : 10
459 85  : 2
925 0 32 2 87 21 237 47  : 8
460 84 33 0 0 13 0 0 6 22 7 0 0 6 0 0 174 46  : 18
478 1 31 2 85 23 239 0 0 44 0 0  : 12
461 17 2 30 1 17 84 24 0 5 177 43  : 12
462 82 370 42  : 4
480 2 29 0 83 25 1 4 179 41  : 10
463 81 33 0 0 13 0 0 1 0 0 26 0 0 2 3 180 0 0 39 0 0  : 22
481 2 28 2 406 0 0 37 0 0  : 10
464 2 2 27 2 16 81 0 8 18 0 8 3 2 184 36  : 16
953 0 0 34 0 0  : 6
465 3 2 26 2 15 132 1 187 0 1 31 0 1  : 14
466 78 133 0 190 0 1 26 0 1  : 10
516 2 25 2 65 0 0 13 0 0 289 0 2 18 0 2  : 16
742 24  : 2
755 0 5 2 0 25 2 0 14 389 0 17  : 12
743 22  : 2
745 0 26 4 0 1 15 0 8  : 9
1160 0 20  : 3
742 0 1 26 0 1 97 0 0 13 0 0  : 12
804 0 0 29 0 0 26 0 8 91 0 18  : 12
 : 0
1795 31 99 12  : 4
964 11  : 2
801 0 0 32 0 0 69 10  : 8
966 0 1 4 0 3 7 0 1  : 9
 : 0
1993 0 3 4 0 7  : 6
 : 0
 : 0
2919 0 12  : 3
 : 0
 : 0
 : 0
4001 0 0 32 0 0 1 0 15 1 0 1  : 12
 : 0
1955 31  : 2
 : 0
1988 0 0 29 0 0  : 6
966 0 1 26 0 1  : 6
 : 0
1993 0 26  : 3
 : 0
 : 0
 : 0
 : 0
 : 0
 : 0
 : 0
